136
135
135
135
136
135
234
135
135
175
132
132
172
133
225
128
129
128
129
129
129
129
218
129
129
168
127
127
166
127
209
128
128
128
128
128
127
128
206
127
130
169
129
124
166
125
200
123
128
127
128
127
127
127
199
128
127
167
127
128
165
124
199
125
124
223
223
223
224
224
224
264
224
223
265
226
223
261
220
260
220
221
223
223
224
225
224
265
225
226
266
225
223
89
44
138
44
43
44
47
48
46
46
148
47
47
88
46
46
91
43
147
43
43
42
41
41
38
40
144
40
41
80
39
41
80
40
143
37
36
38
37
40
47
72
192
90
41
81
41
40
83
40
140
36
37
38
38
37
39
40
147
40
40
82
41
40
80
39
143
37
37
37
37
37
46
45
153
47
46
45
45
45
87
45
149
46
42
84
43
43
43
47
148
44
45
45
47
45
87
46
142
46
48
85
44
45
43
45
140
46
44
46
46
46
179
139
180
138
138
176
135
136
135
136
175
131
132
133
135
134
174
133
176
132
133
174
132
132
39
40
146
43
43
44
43
43
84
42
148
45
46
87
45
45
46
50
158
59
68
79
83
89
89
91
198
99
100
146
108
108
153
115
219
122
133
138
139
144
147
153
265
156
158
200
161
158
200
159
270
159
166
165
164
164
166
166
285
166
144
186
154
167
207
164
279
164
164
167
166
167
166
167
282
165
166
207
166
166
208
164
287
163
164
164
160
161
160
160
284
163
162
161
163
161
204
159
275
157
156
199
159
160
254
255
296
255
255
253
253
254
295
253
292
251
252
292
252
255
255
255
297
255
255
254
254
255
296
255
274
159
156
196
153
160
159
158
273
157
156
156
155
154
194
151
262
145
144
188
144
145
147
146
251
146
144
144
143
144
141
142
238
139
136
180
141
140
182
141
230
141
139
141
140
140
140
140
228
139
138
177
137
138
178
134
218
133
133
134
133
133
133
134
224
132
133
170
130
129
169
129
229
132
133
132
132
132
132
132
226
132
131
169
128
128
170
128
232
130
131
130
128
130
125
131
228
131
131
171
128
128
168
127
232
136
136
136
136
134
135
135
242
135
135
267
223
224
265
224
265
228
227
227
228
226
227
228
267
226
227
267
226
224
263
223
263
223
225
225
225
226
134
134
245
135
134
175
135
134
172
132
238
131
130
127
129
128
128
127
243
128
128
168
128
127
165
125
245
125
125
127
127
128
128
128
247
127
128
126
128
127
169
124
241
124
124
163
127
128
126
126
243
41
42
41
42
42
81
37
156
38
39
79
46
47
47
47
170
46
46
45
46
45
45
46
168
43
43
84
43
44
87
46
171
46
45
46
45
47
46
45
170
44
43
83
42
43
87
45
166
45
46
45
45
46
45
46
165
43
43
85
42
43
173
132
174
133
133
134
133
133
133
133
174
132
129
171
130
131
172
133
174
132
134
134
133
133
40
40
152
39
37
38
36
38
77
39
161
39
40
81
39
39
40
39
163
40
40
38
38
38
78
37
165
45
46
88
46
46
46
46
161
45
45
43
42
43
44
43
167
44
46
87
47
46
86
46
164
45
45
45
43
45
43
45
169
51
53
95
59
65
112
73
194
79
79
85
90
94
97
97
224
111
111
156
120
126
172
134
252
144
144
146
147
181
148
147
177
146
150
150
152
199
178
152
193
153
153
195
153
188
221
230
266
247
245
247
246
262
273
246
287
249
248
288
247
260
244
247
276
246
247
255
255
266
193
165
204
164
164
204
162
211
164
160
190
162
161
159
160
209
165
164
205
162
162
205
165
207
193
163
191
161
161
162
165
208
166
165
195
165
164
206
164
199
197
166
204
163
163
164
163
191
160
161
193
161
160
161
161
194
192
160
201
159
158
199
159
193
163
162
194
162
162
161
161
188
191
159
204
156
154
193
151
179
153
151
184
151
149
149
147
181
146
145
184
143
139
180
134
180
166
145
174
146
145
144
143
191
235
236
278
236
232
274
234
250
258
235
259
235
235
235
234
254
234
233
254
233
234
271
232
258
245
229
178
135
139
139
138
250
137
138
143
135
138
136
134
258
137
134
175
132
132
171
132
257
132
131
131
131
131
131
128
250
129
129
171
132
132
172
131
240
131
132
132
131
131
131
132
225
128
128
167
128
130
172
130
216
129
130
130
131
131
129
130
203
127
128
167
127
136
175
134
202
135
135
133
134
134
135
134
190
131
130
179
178
179
221
180
229
183
181
223
143
137
135
134
171
134
130
132
131
142
166
134
171
134
132
171
132
132
112
112
142
112
110
109
107
142
222
192
227
105
104
142
105
120
104
105
126
104
105
102
103
123
116
101
141
103
109
147
107
137
108
108
27
18
17
15
15
128
19
16
57
17
16
57
17
144
16
17
17
19
18
17
14
125
16
15
54
24
23
64
25
122
25
27
29
31
33
38
43
122
45
48
90
54
59
102
66
135
79
84
86
93
100
104
110
158
118
122
166
130
138
174
136
175
135
134
134
134
152
135
136
176
134
134
173
129
153
163
130
164
130
130
130
109
125
122
132
174
129
130
169
130
131
172
133
177
133
132
132
134
133
132
134
180
133
132
260
221
222
261
224
264
224
225
223
223
223
224
223
263
224
221
260
222
221
261
231
269
230
231
230
229
227
141
142
197
141
140
176
135
133
172
132
177
132
131
130
128
128
127
125
169
126
126
165
120
120
159
118
169
120
120
118
118
117
119
117
168
120
120
158
115
117
154
114
174
112
111
111
110
111
111
111
165
110
110
150
110
108
146
107
163
108
110
110
110
111
109
110
160
108
109
148
108
106
146
106
150
106
108
109
109
110
109
108
151
108
109
148
108
115
142
105
145
105
104
113
112
124
112
113
149
112
111
150
110
127
140
109
237
198
196
198
198
206
199
200
231
200
200
240
201
209
225
198
237
197
197
196
200
214
199
199
225
199
200
150
110
167
130
106
146
107
107
106
107
175
103
103
120
104
104
143
103
190
116
101
140
100
101
101
100
207
103
104
110
103
103
143
103
220
106
101
141
100
100
100
101
225
103
104
103
103
103
104
103
214
103
103
141
100
101
140
99
195
105
108
109
107
108
108
108
189
110
108
145
104
105
145
105
175
104
107
107
107
107
106
109
170
109
109
148
105
105
145
99
147
100
99
102
101
105
102
102
142
102
103
143
103
112
137
100
231
190
191
194
193
202
194
194
225
194
194
234
192
203
219
191
230
190
189
190
193
211
193
192
212
194
193
141
101
181
113
98
140
98
98
97
101
212
101
100
105
102
102
101
101
142
97
99
139
98
124
129
99
137
23
25
25
24
75
24
25
64
24
22
62
21
100
36
21
37
22
24
24
23
128
24
24
29
24
21
61
21
149
17
16
57
18
18
18
18
139
19
18
18
18
18
56
15
121
15
15
55
16
188
384
386
471
384
386
383
385
385
385
383
453
382
383
420
380
386
425
384
437
384
384
384
383
383
382
381
422
380
381
422
379
398
507
471
503
472
472
471
471
482
471
472
509
468
469
507
468
484
502
476
499
475
475
474
474
492
475
477
424
384
383
423
383
437
405
387
410
386
386
384
385
439
385
384
426
383
384
422
377
428
403
379
404
382
382
383
382
438
381
382
403
380
378
419
379
442
399
378
421
382
382
382
382
459
381
382
396
382
379
419
380
472
390
379
420
383
382
383
382
494
382
383
384
380
379
377
377
500
379
379
418
382
381
418
379
147
17
18
18
19
17
15
16
140
14
15
55
15
22
63
23
146
23
22
23
24
23
23
21
137
20
20
62
21
21
154
114
158
119
124
131
136
145
156
166
222
188
184
217
174
174
218
181
223
187
188
192
194
196
200
208
209
123
131
172
138
143
187
155
249
167
170
173
175
177
178
178
264
177
176
218
176
177
213
140
214
144
153
164
166
161
158
156
221
149
148
186
142
143
181
139
197
138
135
138
136
136
134
132
178
134
130
129
129
134
168
128
174
136
135
175
135
158
133
133
165
134
130
130
128
175
130
129
169
133
133
173
133
195
155
134
154
135
133
130
129
217
125
127
178
138
139
181
140
248
146
138
144
140
139
140
138
265
139
139
179
139
142
182
142
273
234
233
233
232
234
234
230
272
231
231
272
230
235
275
234
276
234
232
232
233
233
237
233
271
231
231
180
140
140
183
144
208
142
143
142
143
143
143
143
189
141
140
141
141
141
180
149
193
148
148
187
149
149
148
149
192
144
147
147
146
149
185
146
190
148
148
189
147
156
147
149
186
147
145
145
145
155
141
140
184
143
142
181
143
174
172
140
170
144
139
140
140
186
140
140
181
141
142
181
142
198
165
141
164
143
143
140
140
204
139
139
178
142
143
182
141
217
157
141
157
142
141
139
139
224
140
139
178
139
141
181
142
240
154
144
243
234
233
233
230
265
229
229
268
230
233
278
239
278
238
238
235
233
233
232
230
266
226
224
263
223
221
173
131
231
133
133
132
131
131
130
130
217
130
127
161
120
121
160
124
210
123
123
121
121
121
121
121
202
117
115
156
117
116
157
119
198
120
120
118
118
118
114
120
193
116
117
117
116
115
155
115
183
117
119
158
117
117
117
118
178
118
115
114
137
135
177
137
199
139
139
177
137
138
137
138
205
137
134
135
135
135
134
131
187
121
120
160
121
121
161
119
189
119
119
117
116
115
117
116
193
117
120
159
119
119
250
210
249
209
210
210
206
205
205
201
240
199
203
242
203
203
243
203
242
203
202
201
199
199
108
108
181
109
108
152
112
112
151
111
183
110
110
109
108
106
107
107
172
105
105
149
112
109
150
110
174
110
110
111
109
107
107
106
161
108
106
147
110
111
149
110
151
108
110
109
108
131
107
107
140
107
106
105
106
154
143
113
155
114
116
155
114
171
113
111
135
112
112
111
112
181
134
114
154
113
114
155
114
192
114
111
111
111
105
105
105
178
109
107
148
107
108
148
107
173
107
108
197
198
197
196
195
238
199
113
153
110
111
150
110
153
112
110
108
109
109
108
108
148
108
110
109
110
113
54
17
58
18
17
59
15
29
14
15
52
14
18
16
19
31
54
17
60
17
18
59
15
19
15
15
56
16
14
24
24
33
24
22
64
23
23
64
23
44
54
19
53
21
20
21
24
63
24
23
50
23
23
64
24
72
47
19
61
15
14
15
17
56
17
17
48
17
17
17
17
29
51
15
56
15
15
54
14
24
18
17
54
18
18
16
17
29
18
15
56
17
16
58
17
23
59
20
57
20
18
18
19
29
19
15
58
16
17
56
16
19
151
113
152
112
111
113
112
119
115
118
154
120
125
173
136
142
183
155
199
161
167
167
176
181
184
186
133
101
106
150
114
128
162
127
170
130
131
132
132
139
131
132
171
131
130
129
125
128
164
124
169
127
126
167
128
136
128
110
144
114
124
128
126
139
126
127
171
129
130
170
129
132
169
130
168
129
126
126
127
136
124
126
166
129
129
169
129
131
169
129
174
129
129
126
128
133
126
126
166
129
129
129
130
135
172
129
174
130
131
168
127
127
127
129
173
127
137
136
137
139
177
137
180
135
137
177
134
142
133
133
172
135
133
137
137
152
228
229
269
228
228
270
229
228
265
226
260
221
221
224
222
224
224
224
265
225
225
264
224
223
259
223
170
126
129
133
131
137
132
132
175
132
133
172
131
137
165
124
165
124
122
122
125
127
124
123
167
121
120
161
120
119
156
114
157
113
113
113
114
117
115
114
159
115
114
114
114
114
155
111
161
110
109
150
109
111
118
117
164
118
117
117
116
118
115
116
167
114
113
154
114
114
158
117
170
116
116
115
116
114
114
114
165
109
111
147
105
105
147
110
167
108
109
108
109
108
107
109
168
105
105
147
106
104
146
107
174
108
107
109
108
107
200
200
241
196
198
197
197
196
239
196
242
200
200
242
199
198
200
199
241
199
197
196
197
196
236
197
158
107
108
147
107
107
107
106
167
106
105
103
104
104
104
104
172
112
112
151
113
112
152
112
184
112
112
108
107
108
107
109
171
107
109
143
25
25
66
24
91
25
25
24
22
22
22
16
81
17
19
18
17
17
59
18
75
16
17
59
14
16
14
14
81
15
14
17
18
17
17
18
83
17
17
58
17
14
57
14
83
15
14
18
18
18
17
17
83
18
18
59
18
14
56
14
77
15
15
15
18
17
18
17
87
17
16
59
18
19
150
108
149
107
108
108
108
115
117
115
157
115
115
116
117
116
157
112
154
113
113
154
113
115
115
116
93
23
23
23
23
23
64
20
99
21
17
56
15
15
17
17
99
18
18
18
17
17
18
18
95
15
15
56
14
15
59
17
99
17
18
18
17
16
18
17
96
16
16
60
18
21
67
27
118
40
49
50
49
54
57
61
154
66
74
75
80
82
130
92
192
103
109
152
116
120
120
121
209
124
121
121
121
121
120
120
219
128
129
171
130
130
171
130
222
130
128
128
127
127
128
129
217
131
130
171
131
131
173
129
227
132
133
129
129
130
124
122
255
217
218
258
217
218
259
220
260
219
220
217
217
215
218
216
254
216
218
220
219
231
250
219
260
216
217
166
124
159
127
126
157
127
127
127
127
152
163
130
169
126
127
168
125
143
126
126
163
126
126
129
130
144
130
129
170
128
128
170
130
144
163
127
163
128
127
129
135
154
134
133
170
135
136
176
133
146
166
128
167
125
125
125
126
129
124
124
169
124
122
122
123
123
157
117
164
113
111
150
108
113
113
114
167
111
109
112
113
112
154
110
179
107
108
146
106
111
111
110
200
112
110
110
111
110
109
106
208
106
107
148
108
109
243
202
241
201
202
201
202
202
203
202
239
197
198
240
199
199
242
201
242
200
203
200
198
201
199
200
227
106
107
147
104
105
146
115
233
113
112
113
114
115
114
113
226
111
111
110
111
111
152
111
225
112
112
152
111
113
114
113
219
111
110
110
109
105
104
104
220
107
107
147
107
105
150
106
213
108
105
105
105
104
103
104
212
108
108
148
107
107
148
107
222
22
21
18
18
17
16
15
125
18
18
18
19
20
60
19
136
17
17
55
14
15
14
15
128
15
17
17
18
19
18
17
140
18
18
59
15
15
56
15
133
14
14
23
24
24
115
116
156
117
115
156
115
112
153
113
153
113
113
116
117
116
116
115
156
115
116
156
116
112
153
112
134
15
14
16
17
17
18
16
128
16
17
17
18
18
56
16
125
15
14
57
18
17
18
17
134
17
17
19
17
18
15
15
134
15
14
55
15
18
58
18
143
17
19
18
18
18
19
16
141
14
14
56
15
15
59
17
149
18
19
19
18
19
17
15
145
14
15
15
15
14
65
24
154
25
26
68
30
32
35
39
171
49
54
55
58
60
69
73
203
80
83
129
92
95
142
105
237
110
116
121
117
117
118
122
254
124
124
257
215
214
256
215
255
214
213
213
212
209
213
213
255
216
217
257
197
198
249
218
259
221
216
125
123
122
121
123
242
125
125
132
126
126
166
125
247
130
123
164
122
124
122
123
248
125
125
128
125
126
124
125
254
126
125
165
123
124
165
121
254
124
132
134
132
132
131
132
262
132
132
174
129
128
170
130
261
132
133
134
134
134
133
134
262
134
135
138
132
133
173
130
256
128
127
171
130
129
130
129
258
130
127
131
125
122
121
121
235
125
118
161
121
120
160
119
237
119
119
121
117
112
108
112
234
203
203
244
206
204
244
205
240
206
203
206
202
202
198
196
233
201
200
241
199
202
243
202
237
210
202
116
108
109
108
106
221
105
106
113
106
115
154
113
216
124
113
154
114
113
114
111
217
109
111
120
111
111
113
112
208
125
111
154
113
113
153
110
208
110
109
114
104
105
106
106
212
106
107
147
106
106
147
105
214
108
100
107
105
103
103
106
216
106
106
115
105
105
147
105
211
111
102
145
103
103
102
103
215
105
105
116
105
105
105
104
210
113
101
144
101
101
141
102
219
105
103
112
105
21
20
19
130
19
15
58
16
16
58
17
133
124
120
122
119
117
117
118
154
116
117
119
114
113
156
114
151
122
117
158
117
116
116
117
151
117
116
30
21
20
22
14
113
26
17
59
18
17
59
17
125
17
19
26
14
14
14
14
127
14
15
59
18
18
60
17
149
20
17
19
16
14
14
14
146
15
15
18
17
18
59
18
150
19
18
57
19
15
14
15
130
15
15
16
18
19
18
17
83
19
18
59
17
16
55
17
87
15
17
14
24
24
25
24
95
23
23
65
24
23
62
20
94
21
20
20
20
22
23
24
98
24
23
25
23
23
64
21
97
21
15
56
16
18
21
21
156
117
117
119
125
131
138
137
180
142
143
191
155
158
205
171
211
177
180
185
189
194
199
202
247
208
210
158
119
120
163
123
207
126
126
125
125
126
125
125
201
120
120
162
121
121
162
123
202
124
126
124
125
126
126
126
197
123
123
122
121
122
164
124
200
129
132
174
132
132
132
131
209
133
131
129
129
129
129
130
208
133
134
174
132
133
174
134
217
133
130
128
131
128
127
126
204
129
129
170
129
127
149
112
210
131
129
128
128
127
127
128
211
130
129
129
129
130
171
130
212
129
131
166
127
126
127
125
217
127
127
124
123
124
123
122
256
214
213
252
210
209
248
204
248
206
206
208
208
206
207
207
248
206
205
246
203
199
240
204
243
202
201
116
116
116
116
116
208
114
115
114
115
111
154
112
200
111
111
153
115
115
114
114
201
114
115
114
113
114
111
110
198
104
105
146
107
107
149
107
199
107
107
107
107
107
103
104
201
104
104
145
104
107
147
106
204
106
105
106
106
105
107
103
195
102
103
102
101
103
146
105
199
105
105
147
105
104
103
103
201
103
103
102
103
103
105
105
199
105
105
145
104
105
146
104
191
101
101
101
102
102
102
111
194
110
110
150
111
110
152
109
243
200
117
115
116
116
115
118
159
118
120
118
118
118
159
119
159
114
115
155
113
108
107
109
151
111
112
17
18
18
59
17
109
16
15
56
14
15
13
16
109
18
18
19
17
17
16
18
100
18
14
55
14
15
57
16
84
17
16
17
17
16
17
17
77
17
17
57
15
14
57
14
65
15
18
18
16
18
17
18
60
18
17
17
15
21
54
15
58
15
23
65
22
24
24
24
74
23
22
25
21
21
19
20
81
20
21
64
23
23
65
23
89
22
24
23
23
20
20
20
85
14
14
59
18
19
58
19
90
17
19
18
17
14
15
16
151
108
108
108
112
111
152
111
153
111
112
153
113
114
114
112
157
122
123
131
135
142
144
147
149
62
65
114
71
80
120
83
175
91
95
99
105
112
117
118
208
118
119
163
122
123
164
118
214
116
118
119
120
120
128
129
227
128
126
128
129
129
170
129
228
108
104
156
128
129
130
131
266
152
152
154
154
153
152
153
262
149
150
191
146
145
185
148
264
148
147
147
142
126
125
126
242
124
123
165
123
124
163
124
243
126
127
127
127
127
126
127
244
125
124
124
124
124
166
123
253
127
126
168
127
127
221
220
260
221
218
218
217
219
259
218
257
223
221
262
222
220
219
217
253
214
215
216
210
210
211
208
242
131
123
164
123
122
163
122
210
121
119
133
114
114
113
111
186
114
118
157
117
117
157
115
156
145
113
145
109
108
109
103
123
102
104
141
103
104
143
109
136
141
111
151
106
105
105
105
130
106
103
143
107
106
107
107
138
140
107
148
107
104
145
105
130
104
103
138
106
107
107
106
141
107
105
148
106
105
146
103
143
134
102
133
105
105
106
106
136
105
106
135
105
106
143
101
138
133
102
143
103
112
112
110
148
110
109
139
109
111
204
200
242
200
200
242
201
203
245
204
244
202
203
202
203
203
204
200
241
200
198
236
111
111
154
113
122
19
20
19
19
20
19
19
112
16
16
57
16
15
58
17
121
18
17
17
17
17
19
19
111
15
16
16
16
17
58
19
122
20
19
61
19
19
19
17
115
16
17
17
16
16
17
16
109
19
20
60
20
19
60
18
119
18
17
17
16
17
17
16
123
24
25
67
25
26
66
24
118
24
21
21
22
22
22
21
112
25
24
24
26
25
66
24
112
25
25
63
22
23
16
17
103
20
19
18
19
20
19
19
106
19
19
58
16
16
153
111
151
110
112
112
113
112
112
113
156
114
113
154
109
110
151
109
149
108
108
111
111
110
112
112
106
18
18
59
18
15
58
18
107
20
21
27
32
37
46
49
136
54
57
60
62
64
107
71
158
82
85
131
102
108
111
114
202
123
123
125
128
130
126
124
206
124
123
166
124
125
168
126
203
127
128
129
128
106
105
116
203
127
121
161
120
123
164
124
196
124
124
124
124
199
122
122
122
124
124
125
126
197
126
148
189
150
149
191
148
218
146
146
146
146
144
239
242
283
243
242
285
243
242
261
219
261
218
217
218
218
218
218
226
267
226
227
266
224
224
263
220
194
123
123
122
123
122
121
120
195
123
122
122
121
121
160
119
187
118
113
157
117
110
109
108
186
112
110
109
109
108
109
109
178
107
106
147
105
105
145
101
175
109
110
109
108
108
108
109
179
109
108
148
104
105
146
105
177
105
107
108
107
107
107
108
178
107
108
108
105
104
146
105
175
104
108
148
107
107
106
107
180
106
107
106
104
104
103
104
170
105
103
153
112
111
154
113
182
111
112
111
113
108
109
108
169
108
109
153
111
112
246
205
246
204
205
204
204
201
201
201
243
195
196
237
197
198
239
198
238
197
197
196
198
198
110
110
81
16
16
17
17
20
60
18
76
19
20
60
19
19
15
15
76
14
14
15
15
18
19
19
71
16
19
59
17
18
58
15
74
14
15
14
15
15
18
17
67
18
17
59
18
18
60
17
60
14
15
15
14
18
23
23
64
25
24
24
24
30
62
46
84
42
43
83
43
56
42
46
84
47
45
45
45
64
45
45
86
44
43
62
15
37
50
16
53
18
18
17
18
33
18
18
55
15
15
56
14
40
48
14
58
16
19
18
18
40
111
110
145
110
108
149
106
118
139
109
149
111
111
110
110
118
111
111
146
111
111
108
108
117
141
107
56
18
17
59
18
36
20
18
55
21
22
21
24
52
68
41
84
47
57
98
64
93
72
73
113
83
87
92
92
127
100
105
152
116
123
166
124
152
160
126
163
127
128
127
124
144
126
124
154
116
118
162
119
143
157
121
164
122
121
120
123
140
120
119
154
122
120
120
121
139
161
122
165
124
125
163
123
145
120
122
155
123
122
121
123
138
125
125
167
124
123
167
126
149
157
124
158
122
121
120
122
143
126
125
167
125
126
259
218
224
252
214
250
216
217
215
215
227
223
221
261
225
225
265
226
232
259
222
262
218
217
218
218
221
128
126
161
126
124
163
123
147
157
122
158
117
117
112
109
132
111
115
148
112
111
111
108
225
112
110
149
106
106
146
106
224
107
108
109
109
107
107
107
216
107
108
147
103
105
147
106
215
105
104
109
110
110
109
108
212
109
108
150
108
105
145
103
211
105
106
108
108
109
107
107
210
107
107
108
109
105
145
104
210
105
104
144
113
112
112
112
213
113
112
111
112
112
110
109
212
108
108
150
111
111
151
111
210
111
110
203
204
204
202
200
238
199
196
237
195
199
238
197
236
197
199
196
197
197
196
192
234
192
193
235
193
195
146
104
124
21
22
20
19
20
19
19
113
18
17
58
17
15
59
18
122
18
17
17
17
18
18
18
111
14
15
16
15
15
57
18
120
18
19
57
16
18
18
17
118
14
15
15
14
14
56
22
125
22
23
63
23
24
24
24
122
20
20
21
20
19
20
21
123
23
23
65
22
22
64
23
122
24
20
20
19
14
14
16
117
18
18
59
17
17
57
17
122
19
14
14
15
16
15
14
118
17
18
57
18
17
58
17
148
107
109
108
106
105
105
106
146
106
108
148
110
109
149
132
171
131
136
136
129
130
127
128
168
129
131
79
40
40
81
40
139
38
39
18
15
14
14
15
112
16
16
26
28
27
71
32
137
43
53
94
57
56
56
61
164
71
72
80
82
89
135
97
197
106
111
156
119
120
122
123
219
119
121
119
124
121
121
122
216
121
123
162
122
123
160
121
210
121
120
121
122
124
106
102
199
124
126
167
125
126
166
122
